CHECKED|322 170
CHECKED|734 174 273
CHECKED|753 786 394 889 859 116
CHECKED|291 251
CHECKED|505 626 591 791 680 670
CHECKED|198 817 566 181 530
CHECKED|22
CHECKED|186 432 291 712 706 280
CHECKED|844 26 707
CHECKED|928 443 957 386 962 326 670 821
CHECKED|789 204 120
CHECKED|948 451
CHECKED|370
CHECKED|500 754 990 591 391
CHECKED|895 537 263 499 421 280
CHECKED|367 514 438 515 149 570 499 705
CHECKED|976 886 742 63 261 51
CHECKED|917
CHECKED|957 253
CHECKED|542 589 803
CHECKED|463 616 719 438
CHECKED|471 805 448 909 321 950 831
