CHECKED|640 519 167 155
CHECKED|238 254 50
CHECKED|939 702 161
CHECKED|360
CHECKED|620 715 960
CHECKED|873 289 375 349 622 181 518
CHECKED|31 438 12 319 902
CHECKED|884 136 686 238 515
CHECKED|270 502 809 1 227 534
CHECKED|782 135 19
CHECKED|668
CHECKED|302 174 816 541 428 218
CHECKED|815
CHECKED|719 920 944 536 632 110 409 921
CHECKED|16 254 40 708 342 664 278
CHECKED|590 211 588
CHECKED|463 872 746 452 956
CHECKED|493
CHECKED|47 227 30 218 594 167 9
CHECKED|596 358 441 544
CHECKED|898 945 169 56 689 364
CHECKED|900 952 987 364 177 85 168
CHECKED|317 661 123 364 241 505
